1
-0.61
0.3721
-0.226981
0.138458
-0.0844596
0.0515204
-0.0314274
0.0191707
-0.0116941
0.00713343
-0.00435139
0.00265435
-0.00161915
0.000987683
-0.000602487
0.000367517
-0.000224185
0.000136753
-8.34194e-05
5.08858e-05
-3.10403e-05
1.89346e-05
-1.15501e-05
7.04557e-06
-4.2978e-06
2.62166e-06
-1.59921e-06
9.75518e-07
-5.95066e-07
3.6299e-07
-2.21424e-07
1.35069e-07
-8.23919e-08
5.02591e-08
-3.0658e-08
1.87014e-08
-1.14079e-08
6.95879e-09
-4.24486e-09
2.58937e-09
-1.57951e-09
9.63503e-10
-5.87737e-10
3.58519e-10
-2.18697e-10
1.33405e-10
-8.13771e-11
4.964e-11
-3.02804e-11
