1
-1.3
1.69
-2.197
2.8561
-3.71293
4.82681
-6.27485
8.15731
-10.6045
13.7858
-17.9216
23.2981
-30.2875
39.3738
-51.1859
66.5417
-86.5042
112.455
-146.192
190.05
-247.065
321.184
-417.539
542.801
-705.641
917.333
-1192.53
1550.29
-2015.38
2620
-3405.99
4427.79
-5756.13
7482.97
-9727.86
12646.2
-16440.1
21372.1
-27783.7
36118.9
-46954.5
61040.9
-79353.1
103159
-134107
174339
-226641
294633
-383022
1
-1.3
1.69
-2.197
2.8561
1
0.483171
0.233454
0.112798
0.0545008
1
-0.15
0.0225
-0.003375
0.00050625
1
0.330646
0.109327
0.0361485
0.0119524
1
0.425
0.180625
0.0767656
0.0326254
1
0.563182
0.317174
0.178627
0.1006
1
0.7125
0.507656
0.361705
0.257715
1
0.750152
0.562728
0.422132
0.316663
1
0.85625
0.733164
0.627772
0.53753
1
0.866105
0.750137
0.649698
0.562706
1
0.928125
0.861416
0.799502
0.742038
1
0.930647
0.866104
0.806038
0.750137
1
0.964063
0.929417
0.896016
0.863815
1
0.964701
0.930647
0.897796
0.866104
