-0.15
0.0225
-0.003375
0.00050625
-7.59375e-05
1.13906e-05
-1.70859e-06
2.56289e-07
-3.84434e-08
5.7665e-09
-8.64976e-10
1.29746e-10
-1.9462e-11
2.91929e-12
-4.37894e-13
6.56841e-14
-9.85261e-15
1.47789e-15
-2.21684e-16
3.32526e-17
-4.98789e-18
7.48183e-19
-1.12227e-19
1.68341e-20
-2.52512e-21
3.78768e-22
-5.68151e-23
8.52227e-24
-1.27834e-24
1.91751e-25
-2.87627e-26
4.3144e-27
-6.4716e-28
9.7074e-29
-1.45611e-29
2.18416e-30
-3.27625e-31
4.91437e-32
-7.37155e-33
1.10573e-33
-1.6586e-34
2.4879e-35
-3.73185e-36
5.59777e-37
-8.39666e-38
1.2595e-38
-1.88925e-39
2.83387e-40
-4.25081e-41
6.37622e-42
